1594915991165 KEY_VOLUMEDOWN 4 1
1594915991315 KEY_VOLUMEDOWN 4 0
1594915991786 KEY_VOLUMEDOWN 4 1
1594915992975 KEY_VOLUMEDOWN 4 0
1594915993289 KEY_BACK 1 1
1594915993435 KEY_BACK 1 0
1594915994383 KEY_VOLUMEDOWN 4 1
1594915994956 KEY_VOLUMEDOWN 4 0
1594915995918 KEY_VOLUMEUP 3 1
1594915996097 KEY_VOLUMEUP 3 0
1594915997384 KEY_VOLUMEUP 3 1
1594915997564 KEY_VOLUMEUP 3 0
1594916020826 KEY_VOLUMEUP 3 1
1594916021384 KEY_VOLUMEUP 3 0
1594916021605 KEY_VOLUMEUP 3 1
1594916022167 KEY_VOLUMEUP 3 0
1594916022390 KEY_VOLUMEUP 3 1
1594916022586 KEY_VOLUMEUP 3 0
1594916023195 KEY_VOLUMEUP 3 1
1594916023364 KEY_VOLUMEUP 3 0
1594916031175 KEY_VOLUMEUP 3 1
1594916031695 KEY_VOLUMEUP 3 0
1594916033234 KEY_VOLUMEDOWN 4 1
1594916033445 KEY_VOLUMEDOWN 4 0
1594916036996 KEY_VOLUMEDOWN 4 1
1594916037647 KEY_VOLUMEDOWN 4 0
1594916037965 KEY_VOLUMEDOWN 4 1
1594916038166 KEY_VOLUMEDOWN 4 0
1594916038512 KEY_VOLUMEDOWN 4 1
1594916038716 KEY_VOLUMEDOWN 4 0
1594916148697 KEY_VOLUMEUP 3 1
1594916148976 KEY_VOLUMEUP 3 0
1594916149176 KEY_VOLUMEUP 3 1
1594916149408 KEY_VOLUMEUP 3 0
1594916149926 KEY_VOLUMEUP 3 1
1594916150097 KEY_VOLUMEUP 3 0
1594916152896 KEY_VOLUMEUP 3 1
1594916153345 KEY_VOLUMEUP 3 0
1594916192023 KEY_BACK 1 1
1594916192200 KEY_BACK 1 0
1594916195921 KEY_BACK 1 1
1594916196032 KEY_BACK 1 0
1594916203068 KEY_VOLUMEDOWN 4 1
1594916203808 KEY_VOLUMEDOWN 4 0
1594916210547 KEY_VOLUMEUP 3 1
1594916211106 KEY_VOLUMEUP 3 0
1594916211468 KEY_VOLUMEUP 3 1
1594916211797 KEY_VOLUMEUP 3 0
1594916212128 KEY_VOLUMEUP 3 1
1594916212557 KEY_VOLUMEUP 3 0
1594916213276 KEY_VOLUMEUP 3 1
1594916213512 KEY_VOLUMEUP 3 0
1594916227018 KEY_VOLUMEDOWN 4 1
1594916227597 KEY_VOLUMEDOWN 4 0
1594916227977 KEY_VOLUMEDOWN 4 1
1594916228147 KEY_VOLUMEDOWN 4 0
1594916228578 KEY_VOLUMEDOWN 4 1
1594916228787 KEY_VOLUMEDOWN 4 0
1594916229086 KEY_VOLUMEUP 3 1
1594916229848 KEY_VOLUMEUP 3 0
1594916231158 KEY_VOLUMEDOWN 4 1
1594916231331 KEY_VOLUMEDOWN 4 0
1594916231966 KEY_VOLUMEDOWN 4 1
1594916232463 KEY_VOLUMEDOWN 4 0
1594916232768 KEY_VOLUMEUP 3 1
1594916232998 KEY_VOLUMEUP 3 0
1594916251159 KEY_VOLUMEDOWN 4 1
1594916251638 KEY_VOLUMEDOWN 4 0
1594916252087 KEY_VOLUMEDOWN 4 1
1594916252319 KEY_VOLUMEDOWN 4 0
1594916253328 KEY_VOLUMEUP 3 1
1594916253578 KEY_VOLUMEUP 3 0
1594916260021 KEY_VOLUMEDOWN 4 1
1594916260709 KEY_VOLUMEDOWN 4 0
1594916261336 KEY_VOLUMEDOWN 4 1
1594916261517 KEY_VOLUMEDOWN 4 0
1594916291727 KEY_HOME 0 1
1594916291917 KEY_HOME 0 0
1594916349059 KEY_BACK 1 1
1594916349085 KEY_BACK 1 0
1594916349204 KEY_BACK 1 1
1594916349288 KEY_BACK 1 0
1594916351479 KEY_HOME 0 1
1594916351670 KEY_HOME 0 0
1594916431688 KEY_HOME 0 1
1594916431890 KEY_HOME 0 0
1594916504531 KEY_HOME 0 1
1594916504742 KEY_HOME 0 0
1594916575284 KEY_HOME 0 1
1594916575471 KEY_HOME 0 0
1594916645545 KEY_BACK 1 1
1594916645560 KEY_BACK 1 0
1594916645622 KEY_BACK 1 1
1594916645736 KEY_BACK 1 0
1594916648069 KEY_BACK 1 1
1594916648214 KEY_BACK 1 0
1594916648724 KEY_BACK 1 1
1594916648818 KEY_BACK 1 0
1594916823278 KEY_HOME 0 1
1594916823455 KEY_HOME 0 0
1594917197389 KEY_HOME 0 1
1594917197569 KEY_HOME 0 0
1594917335807 KEY_BACK 1 1
1594917335870 KEY_BACK 1 0
