1594993953172 KEY_HOME 0 1
1594993953341 KEY_HOME 0 0
1594993989088 KEY_BACK 1 1
1594993989148 KEY_BACK 1 0
1594994005735 KEY_BACK 1 1
1594994005807 KEY_BACK 1 0
1594994028064 KEY_HOME 0 1
1594994028362 KEY_HOME 0 0
1594994050954 KEY_HOME 0 1
1594994051116 KEY_HOME 0 0
1594994103561 KEY_HOME 0 1
1594994103732 KEY_HOME 0 0
1594994231820 KEY_HOME 0 1
1594994232042 KEY_HOME 0 0
1594994278470 KEY_BACK 1 1
1594994278579 KEY_BACK 1 0
1594994534829 KEY_HOME 0 1
1594994534987 KEY_HOME 0 0
1594994574639 KEY_VOLUMEUP 3 1
1594994574787 KEY_VOLUMEUP 3 0
1594994574918 KEY_VOLUMEUP 3 1
1594994575059 KEY_VOLUMEUP 3 0
1594994575157 KEY_VOLUMEUP 3 1
1594994575297 KEY_VOLUMEUP 3 0
1594994575418 KEY_VOLUMEUP 3 1
1594994575528 KEY_VOLUMEUP 3 0
1594994575649 KEY_VOLUMEUP 3 1
1594994575757 KEY_VOLUMEUP 3 0
1594994575870 KEY_VOLUMEUP 3 1
1594994575978 KEY_VOLUMEUP 3 0
1594994576119 KEY_VOLUMEUP 3 1
1594994576218 KEY_VOLUMEUP 3 0
1594994576368 KEY_VOLUMEUP 3 1
1594994576488 KEY_VOLUMEUP 3 0
1594994576617 KEY_VOLUMEUP 3 1
1594994576737 KEY_VOLUMEUP 3 0
1594994576877 KEY_VOLUMEUP 3 1
1594994576968 KEY_VOLUMEUP 3 0
1594994656278 KEY_HOME 0 1
1594994656539 KEY_HOME 0 0
1594994694155 KEY_BACK 1 1
1594994694227 KEY_BACK 1 0
1594994841053 KEY_BACK 1 1
1594994841125 KEY_BACK 1 0
1594994847361 KEY_HOME 0 1
1594994847601 KEY_HOME 0 0
1594994851402 KEY_BACK 1 1
1594994851464 KEY_BACK 1 0
1594995000553 KEY_HOME 0 1
1594995000752 KEY_HOME 0 0
1594995353365 KEY_HOME 0 1
1594995353515 KEY_HOME 0 0
1594995444575 KEY_BACK 1 1
1594995444668 KEY_BACK 1 0
1594995489052 KEY_HOME 0 1
1594995489262 KEY_HOME 0 0
1594995511027 KEY_BACK 1 1
1594995511079 KEY_BACK 1 0
1594995511475 KEY_BACK 1 1
1594995511538 KEY_BACK 1 0
1594995517168 KEY_BACK 1 1
1594995517239 KEY_BACK 1 0
1594995531697 KEY_BACK 1 1
1594995531768 KEY_BACK 1 0
1594995532020 KEY_BACK 1 1
1594995532080 KEY_BACK 1 0
1594995561348 KEY_BACK 1 1
1594995561461 KEY_BACK 1 0
1594995587135 KEY_BACK 1 1
1594995587196 KEY_BACK 1 0
